-7076 -10272 11196
-7052 -9492 11020
-7584 -10304 11396
-5476 -10444 8548
-8496 -8572 10072
-6636 -9312 10156
-1448 -15300 7564
-4612 -12804 8200
-6252 -12292 5320
-8124 -14700 4220
-7448 -11564 -1316
-5444 -13088 -2648
-5204 -13520 -6272
-4548 -11204 -9924
-2640 -8980 -12056
-2592 -7324 -12892
-1852 -3780 -14544
-3220 -2036 -15816
-2292 1628 -15876
-2288 7040 -12064
-3340 10560 -10200
-5192 10428 -9116
-4976 13272 -7212
-4332 15452 -2084
-4680 15312 1720
-5304 13584 7268
-4696 14160 8748
-3908 12988 10812
-3256 13044 10880
-2280 14632 7888
-4064 16088 4080
-8068 14032 2392
-14172 7160 5164
-14768 3548 6216
-15380 -120 4568
-10712 -3368 6464
-13968 -6156 7356
-10592 -10372 6692
-8516 -10848 7604
-3396 -13572 7724
-1172 -12124 9948
852 -8344 16112
3400 -1844 17484
6656 680 17156
7832 4164 15240
8216 5744 14228
5568 6032 14860
6240 5416 15768
6896 4380 14816
9236 3468 14992
12624 204 12292
12640 -3740 10500
14724 -5604 5324
13468 -9200 2800
8564 -15140 1188
-1480 -16180 2684
-10760 -10288 4944
-12332 -2760 8076
-13780 -1704 6392
-14824 -2696 480
-13824 420 -5888
-13268 -480 -10136
-11140 -508 -11236
-10224 3664 -11576
-7148 7296 -13820
-2776 7688 -12384
304 10436 -11860
5476 6976 -13920
7588 6108 -13604
9208 -1744 -13160
2884 -7772 -11928
3268 -10228 -11836
3092 -10688 -10416
996 -11944 -8964
-280 -14824 -6908
2320 -14060 -6116
3700 -14592 -5508
4956 -15452 -1592
1572 -15696 6028
2096 -11528 11140
6060 -9564 13340
6968 -7788 13676
2712 -8812 14540
-4164 -8728 14696
-9328 -5192 13732
-11180 2184 12468
-10384 7776 10948
-10244 12832 6808
-7004 15940 2324
-5500 14300 -720
-6036 13392 -3224
-7560 13992 -3256
-8192 14140 -4408
-8172 13156 -4772
-11620 8788 -3040
-11768 10740 3280
-12772 6292 10092
-9748 4344 13624
-5976 4688 16092
-1628 3316 16540
-8084 8096 13152
-9680 8784 7924
-12404 9572 312
-12688 2376 -6196
-8596 -4340 -10856
-7440 -7624 -11732
-5480 -9072 -10856
-1296 -11820 -11016
4452 -8748 -13444
8440 -3104 -13972
9364 5356 -12692
4400 12908 -10452
-3028 13456 -7288
-10472 12616 -3896
-12780 10396 2612
-12400 8692 6112
-13156 3776 8336
-13216 -1988 8540
-10176 -7648 11256
-6424 -9556 10212
-3888 -10504 11824
-4788 -6888 14304
-2668 -4940 17656
-1500 1792 17248
-3428 13876 11260
-1512 16232 -264
5500 12912 -7812
4668 12088 -10320
7308 3548 -14400
6436 -2148 -14188
5876 -6548 -13240
6132 -10444 -10348
6992 -12132 -6988
10500 -12572 -2364
14068 -7432 -2688
17116 -2844 204
15288 3788 -2632
14340 8540 -2708
7096 18060 -5160
-52 15764 -7268
-6180 13008 -9308
-4724 1648 -13972
-204 -3268 -14632
4676 -6044 -14812
6996 -8488 -9800
11172 -12044 -5676
7732 -13908 -3296
3288 -16148 -1208
7156 -19040 948
-2356 -9540 -448
3744 -15680 796
7064 -14604 1096
56 -12172 11940
-376 -10700 14464
-3160 -4836 15960
-2680 -2836 15448
3272 4668 17212
6568 10028 12340
10752 10592 6644
13900 11112 1684
14312 7676 -2592
14996 5548 -3244
15184 696 -6128
15004 -1968 -6840
13220 -8088 -4168
12008 -9440 -6084
6288 -11972 -7500
2284 -11600 -9892
-684 -11408 -10684
-6208 -8076 -10348
-10248 -6140 -9152
-13948 -1108 -8276
-13520 4656 -7780
-9104 8440 -8580
-3880 10500 -9588
500 10332 -11876
4984 9344 -12736
7468 7720 -11552
10828 7072 -9400
14100 8480 -6860
14840 8796 -1256
14420 9416 2008
14084 9784 6240
11624 7320 8408
5892 8480 13608
4836 8620 13652
3176 8660 14560
3456 7988 15736
-816 8140 17064
-5424 7000 16548
-2328 8812 14776
-3344 9628 15840
-2180 11328 13944
-3852 10884 12596
-3640 10936 12652
-6904 13400 7500
-7952 15200 328
1048 15548 -2648
9296 13332 -780
9848 13604 1972
8088 13580 7720
1948 9792 12164
-1720 8376 15372
-4140 1644 16980
-2900 -8128 16888
-6352 -7196 10136
-7484 -8456 11056
-10168 -9676 6988
-9716 -11548 1120
-7768 -13540 -684
-8824 -10112 -4876
-8024 -11108 -5612
-6288 -11620 -9952
-3380 -13444 -7916
-3296 -13168 -8028
-580 -14732 -5996
224 -14892 -3432
2432 -15476 380
5468 -15536 5436
10308 -11180 8380
12868 -5832 9900
14300 -252 10312
16352 3792 6576
16084 7048 724
13588 7072 -6088
14732 7940 -5772
11692 5692 -10412
10600 3692 -9012
9184 1148 -13480
8672 1520 -13900
8120 -1108 -13628
8776 -448 -13344
9908 -2496 -12188
9788 -2452 -13044
8708 -3852 -13288
8148 -5124 -13484
8152 -8060 -11656
7540 -9524 -11340
5868 -12304 -8396
3696 -14208 -6396
2372 -15632 -4440
3252 -15904 -2436
1096 -16492 -1120
844 -15244 2324
-1584 -14504 6296
-3112 -13264 10668
-1176 -10852 12136
824 -9436 14596
1160 -7168 16716
-1464 -2160 15600
-4088 2088 16560
-9256 2752 14936
-11936 3304 10508
-14888 3400 3860
-15320 2324 -1908
-14924 1028 -4192
-14172 1924 -5200
-13760 2692 -5804
-14760 1868 -6264
-15492 2248 -4800
-13340 3148 -5360
-14372 2392 -7012
-13548 2748 -7320
-10400 -4648 -11048
-6636 -7136 -11424
-2680 -7700 -12236
1932 -9300 -13532
6048 -8428 -11888
8852 -5708 -12548
12764 -2656 -10600
13848 1732 -9052
11808 7484 -7712
10676 12088 -9972
6648 15676 -344
3956 15884 5072
-180 15584 7528
-3836 11792 11440
-8328 8012 12572
-9516 3556 13704
-9800 -1028 14224
-8468 -5680 12556
-7884 -9012 12056
-6060 -11724 9616
-6220 -13964 8408
-11808 -10184 4472
-13288 -8516 2436
-13800 -7164 -1164
-14112 -7060 -1532
-12836 -8588 -3312
-10664 -10080 -3932
-9664 -10856 -5308
-8700 -11608 -5052
-8488 -11016 -5668
-5544 -13048 -6220
-4180 -14880 -1772
-2468 -15176 -1044
1828 -16588 1296
1848 -14820 5188
-120 -14544 8212
-2828 -12576 10276
-2992 -10824 13124
