41 72 -28
40 74 -24
41 75 -21
31 82 -20
39 84 -12
60 75 -12
68 66 -11
62 73 -13
59 81 -21
59 83 -27
57 88 -44
61 81 -47
66 76 -60
60 74 -73
57 71 -81
52 69 -85
44 65 -93
30 66 -101
20 69 -98
-8 72 -91
-21 73 -78
-29 72 -70
-33 74 -58
-40 70 -36
-33 64 -16
-26 65 4
-20 58 14
-9 42 21
-19 31 24
-33 26 11
-43 35 1
-43 51 -7
-19 73 -3
-6 78 5
9 84 2
20 76 12
33 72 11
52 62 7
53 57 10
64 36 15
54 21 23
23 15 32
-3 8 22
-15 3 17
-27 5 13
-33 9 10
-30 5 8
-25 -7 6
-12 -18 2
0 -31 -4
14 -37 -13
30 -40 -22
30 -42 -45
43 -37 -53
66 -23 -52
88 22 -40
81 56 -27
56 73 -3
47 74 1
54 85 -27
39 95 -53
50 85 -65
40 86 -70
23 88 -73
12 83 -83
-6 72 -89
-20 58 -88
-9 36 -99
-7 26 -102
25 22 -106
43 42 -105
58 50 -96
64 50 -89
73 57 -74
80 56 -62
87 45 -49
88 29 -42
84 19 -18
67 29 13
46 16 26
33 6 26
25 6 28
28 17 30
30 35 31
18 50 28
-9 52 22
-25 49 14
-44 40 -9
-52 29 -32
-54 27 -45
-54 34 -51
-51 36 -57
-46 34 -70
-43 37 -78
-33 58 -81
-37 69 -60
-25 80 -36
-23 78 -11
-26 61 5
-20 53 19
-29 75 -19
-29 85 -35
-9 83 -70
28 72 -92
60 46 -91
70 28 -85
68 26 -84
75 6 -71
59 -13 -72
36 -26 -79
-1 -30 -72
-37 -9 -62
-52 22 -52
-49 58 -38
-35 66 -9
-20 65 6
1 69 14
24 70 17
40 52 24
48 36 27
45 24 27
41 20 27
38 10 27
17 13 29
-30 20 12
-49 19 -23
-38 -14 -51
-32 -15 -64
8 -24 -82
30 -22 -83
53 -18 -75
61 -22 -65
63 -23 -53
56 -32 -33
22 -42 -39
3 -39 -38
-26 -27 -46
-40 -13 -50
-52 24 -54
-44 56 -61
-12 81 -72
22 76 -90
40 59 -99
46 37 -104
49 23 -103
63 3 -92
78 17 -81
80 34 -75
82 40 -72
84 41 -66
86 43 -55
77 58 -17
58 56 9
45 60 17
22 58 22
-6 45 26
-26 33 24
-42 18 3
-47 6 -18
-46 -4 -35
-40 -14 -47
-33 -22 -51
-12 -35 -60
7 -43 -55
39 -40 -34
49 -34 -37
77 -10 -46
82 12 -56
83 25 -66
72 63 -64
64 78 -52
34 96 -46
7 96 -46
-19 91 -54
-35 67 -65
-37 49 -78
-37 25 -84
-36 11 -83
-35 -3 -74
-36 -13 -64
-41 -12 -46
-40 -8 -32
-40 -3 -18
-36 3 -2
-41 25 6
-38 27 3
-36 31 5
-36 35 8
-38 41 2
-32 49 8
-36 44 3
-42 41 -3
-47 36 -11
-49 33 -8
-50 39 -9
-52 40 -39
-49 36 -61
-40 -3 -67
-25 -29 -53
-21 -33 -26
-17 -23 -3
-19 -9 12
-11 7 22
-2 22 28
19 27 32
37 33 28
34 55 22
41 73 8
57 78 -9
64 77 -19
51 90 -43
53 87 -61
54 79 -73
67 73 -70
71 70 -62
82 58 -49
86 51 -34
83 38 -16
73 20 4
43 -4 22
21 -13 23
-3 -17 12
-19 -22 -3
-32 -22 -28
-34 -17 -54
-35 -16 -60
-30 -15 -75
-22 -14 -82
-11 -4 -97
-12 3 -101
2 14 -108
4 13 -107
13 12 -109
19 13 -109
29 21 -110
36 22 -109
48 23 -106
59 26 -98
73 36 -85
78 44 -75
81 50 -66
83 51 -63
83 52 -53
82 59 -37
72 66 -20
59 72 -7
60 64 4
45 55 20
27 50 28
0 57 22
-18 59 7
-21 71 -3
-21 82 -23
-22 86 -51
-13 86 -72
-8 81 -86
-11 77 -88
-8 72 -91
3 74 -90
9 78 -87
17 73 -92
22 72 -93
25 71 -96
52 48 -98
62 29 -94
61 12 -89
57 -7 -83
52 -19 -72
40 -29 -67
20 -39 -56
-7 -38 -50
-24 -27 -46
-41 -12 -32
-44 5 -13
-37 16 5
-31 26 15
-13 34 23
1 49 25
19 49 29
33 45 27
47 43 24
56 35 22
66 30 13
64 40 15
62 65 7
55 78 -3
47 86 -18
43 88 -20
44 94 -33
45 93 -45
43 92 -62
42 82 -73
44 79 -82
56 63 -89
73 50 -77
75 46 -72
85 25 -60
89 22 -40
88 26 -28
86 38 -17
81 40 -2
